best_model_f1_max=0.965237468001005_len=511
best_model_f1_max=0.8852410962919537_len=255
